#           From          To       Mass Flux           Volumetric Flux
                                   (kg/s)              (m3/s)

0           0     --->    3        5.8523197174        0.0058628796   
1           0     --->    7        0.0055431905        0.0000055532   
2           0     --->    31       0.3048301339        0.0003053802   
3           0     --->    33       0.0342216752        0.0000342834   
4           1     --->    2        4.5740213394        0.0045822561   
5           1     --->    7        0.0198291894        0.0000198649   
6           1     --->    9        0.0000142109        0.0000000142   
7           2     --->    1        4.5156230927        0.0045237457   
8           2     --->    7        10.5116424561       0.0105305500   
9           2     --->    9        0.0061190161        0.0000061300   
10          3     --->    0        5.8832440376        0.0058938335   
11          3     --->    7        14.9490156174       0.0149759231   
12          3     --->    9        0.0000027324        0.0000000027   
13          3     --->    29       0.0192847941        0.0000193195   
14          3     --->    31       0.0507469773        0.0000508383   
15          3     --->    33       0.7598255873        0.0007611932   
16          4     --->    9        0.2217494994        0.0002221494   
17          4     --->    11       0.0019387415        0.0000019422   
18          4     --->    26       0.0000049572        0.0000000050   
19          4     --->    28       0.0001263430        0.0000001266   
20          4     --->    34       0.0000097574        0.0000000098   
21          4     --->    35       0.0003829019        0.0000003836   
22          4     --->    36       0.0116313258        0.0000116523   
23          5     --->    5        0.0000000000        0.0000000000   
24          5     --->    9        0.2187728435        0.0002191671   
25          5     --->    11       0.0016204031        0.0000016233   
26          6     --->    9        0.1849518120        0.0001852853   
27          6     --->    11       0.0020474719        0.0000020512   
28          6     --->    29       0.0024954821        0.0000025000   
29          6     --->    43       0.0142130740        0.0000142387   
30          7     --->    0        0.0943512395        0.0000945212   
31          7     --->    1        0.0778983384        0.0000780387   
32          7     --->    2        10.3900051117       0.0104087256   
33          7     --->    3        14.9402732849       0.0149671920   
34          7     --->    9        37.8180847168       0.0378862247   
35          7     --->    10       1.0093733072        0.0010111920   
36          7     --->    11       0.0221397821        0.0000221797   
37          7     --->    29       1.4507116079        0.0014533255   
38          7     --->    33       0.1496518105        0.0001499214   
39          8     --->    9        0.4065419137        0.0004072743   
40          8     --->    11       0.0000127651        0.0000000128   
41          9     --->    1        0.0003550777        0.0000003557   
42          9     --->    2        0.0693458617        0.0000694704   
43          9     --->    3        0.0021490541        0.0000021529   
44          9     --->    4        0.2228347361        0.0002232349   
45          9     --->    5        0.2171527147        0.0002175427   
46          9     --->    6        0.1985688657        0.0001989255   
47          9     --->    7        37.2385406494       0.0373054184   
48          9     --->    8        0.4064953923        0.0004072254   
49          9     --->    11       33.1100540161       0.0331695192   
50          9     --->    12       0.0035912052        0.0000035977   
51          9     --->    13       0.0398283303        0.0000398999   
52          9     --->    14       0.0000000000        0.0000000000   
53          9     --->    26       0.0000156395        0.0000000157   
54          9     --->    28       0.0009219866        0.0000009236   
55          9     --->    29       1.3769943714        0.0013794674   
56          9     --->    36       0.0006301327        0.0000006313   
57          9     --->    43       0.0039841663        0.0000039913   
58          10    --->    7        1.0093741417        0.0010111924   
59          11    --->    4        0.0036013937        0.0000036079   
60          11    --->    5        0.0031801357        0.0000031859   
61          11    --->    6        0.0035660774        0.0000035725   
62          11    --->    7        0.0727861822        0.0000729172   
63          11    --->    8        0.0000588450        0.0000000590   
64          11    --->    9        32.8751296997       0.0329343118   
65          11    --->    12       9.7042541504        0.0097217234   
66          11    --->    13       14.3724222183       0.0143982954   
67          11    --->    14       0.0078570023        0.0000078711   
68          11    --->    29       0.3136415184        0.0003142061   
69          12    --->    9        0.0171346646        0.0000171655   
70          12    --->    11       9.6906795502        0.0097081456   
71          13    --->    9        0.0616609715        0.0000617721   
72          13    --->    11       14.3456563950       0.0143714985   
73          13    --->    14       9.7338809967        0.0097514158   
74          13    --->    15       0.0598290823        0.0000599369   
75          14    --->    9        0.0001210740        0.0000001213   
76          14    --->    11       0.0117538720        0.0000117751   
77          14    --->    13       9.6906318665        0.0097080963   
78          14    --->    15       7.7500090599        0.0077639762   
79          14    --->    16       0.0191059243        0.0000191404   
80          14    --->    17       0.0000084291        0.0000000084   
81          15    --->    13       0.0981110260        0.0000982874   
82          15    --->    14       7.6836709976        0.0076974872   
83          15    --->    16       4.4322481155        0.0044402177   
84          15    --->    17       0.0253132787        0.0000253588   
85          15    --->    19       0.0000000000        0.0000000000   
86          16    --->    14       0.0459674560        0.0000460503   
87          16    --->    15       4.3769659996        0.0043848567   
88          16    --->    17       3.5767657757        0.0035832140   
89          16    --->    18       0.0015864943        0.0000015894   
90          16    --->    19       0.0055041835        0.0000055141   
91          17    --->    14       0.0002859236        0.0000002864   
92          17    --->    15       0.0518232509        0.0000519161   
93          17    --->    16       3.5305144787        0.0035368432   
94          17    --->    17       0.0008837600        0.0000008853   
95          17    --->    18       0.1457497180        0.0001460110   
96          17    --->    19       2.0721790791        0.0020758936   
97          18    --->    16       0.0031315133        0.0000031372   
98          18    --->    17       0.1442035735        0.0001444632   
99          19    --->    15       0.0007462237        0.0000007476   
100         19    --->    16       0.0218003709        0.0000218396   
101         19    --->    17       2.0551483631        0.0020588511   
102         20    --->    20       0.0000000000        0.0000000000   
103         20    --->    21       0.0001070574        0.0000001073   
104         20    --->    22       0.0000000000        0.0000000000   
105         20    --->    23       0.0000000000        0.0000000000   
106         20    --->    25       0.0000000000        0.0000000000   
107         20    --->    37       0.0001944842        0.0000001948   
108         20    --->    38       0.0000018455        0.0000000018   
109         20    --->    40       0.0000000000        0.0000000000   
110         21    --->    20       0.0000097609        0.0000000098   
111         21    --->    22       0.0005023552        0.0000005033   
112         21    --->    23       0.0002009004        0.0000002013   
113         21    --->    25       0.0000000000        0.0000000000   
114         21    --->    37       0.0000174579        0.0000000175   
115         21    --->    38       0.0003640418        0.0000003647   
116         21    --->    39       0.0000536450        0.0000000537   
117         21    --->    40       0.0000007278        0.0000000007   
118         22    --->    20       0.0001021897        0.0000001024   
119         22    --->    21       0.0002155165        0.0000002159   
120         22    --->    23       0.0016246850        0.0000016276   
121         22    --->    25       0.0000000000        0.0000000000   
122         22    --->    37       0.0000002250        0.0000000002   
123         22    --->    38       0.0000060744        0.0000000061   
124         22    --->    39       0.0000078083        0.0000000078   
125         22    --->    40       0.0000000000        0.0000000000   
126         22    --->    41       0.0000000000        0.0000000000   
127         23    --->    20       0.0000073391        0.0000000074   
128         23    --->    21       0.0001552648        0.0000001555   
129         23    --->    22       0.0004111517        0.0000004119   
130         23    --->    25       0.0194492750        0.0000194844   
131         23    --->    38       0.0000271414        0.0000000272   
132         23    --->    39       0.0002587331        0.0000002592   
133         23    --->    40       0.0005799806        0.0000005810   
134         23    --->    41       0.0000125613        0.0000000126   
135         24    --->    24       0.0000000000        0.0000000000   
136         24    --->    26       0.0000584132        0.0000000585   
137         24    --->    28       0.0000008724        0.0000000009   
138         24    --->    34       0.0000164349        0.0000000165   
139         24    --->    35       0.0000145550        0.0000000146   
140         25    --->    20       0.0000079317        0.0000000079   
141         25    --->    21       0.0000031839        0.0000000032   
142         25    --->    22       0.0002003843        0.0000002007   
143         25    --->    23       0.0092967367        0.0000093135   
144         25    --->    27       0.0728502870        0.0000729816   
145         25    --->    32       0.0053578252        0.0000053675   
146         25    --->    38       0.0000137106        0.0000000137   
147         25    --->    39       0.0000641868        0.0000000643   
148         25    --->    40       0.0017357951        0.0000017389   
149         25    --->    41       0.0023928850        0.0000023972   
150         25    --->    42       0.0000000000        0.0000000000   
151         26    --->    4        0.0000000000        0.0000000000   
152         26    --->    9        0.0000000000        0.0000000000   
153         26    --->    24       0.0000003319        0.0000000003   
154         26    --->    28       0.0000862525        0.0000000864   
155         26    --->    34       0.0000040339        0.0000000040   
156         26    --->    35       0.0000824147        0.0000000826   
157         26    --->    36       0.0001227806        0.0000001230   
158         27    --->    25       0.0606370084        0.0000607464   
159         27    --->    29       0.3330345154        0.0003336352   
160         27    --->    31       0.0008417806        0.0000008433   
161         27    --->    32       0.1731759310        0.0001734883   
162         27    --->    33       0.0151547752        0.0000151821   
163         27    --->    41       0.0044843201        0.0000044924   
164         27    --->    42       0.0031849034        0.0000031906   
165         27    --->    43       0.0000733020        0.0000000734   
166         28    --->    4        0.0000063841        0.0000000064   
167         28    --->    9        0.0011547676        0.0000011568   
168         28    --->    24       0.0000810525        0.0000000812   
169         28    --->    26       0.0001198708        0.0000001201   
170         28    --->    34       0.0000024144        0.0000000024   
171         28    --->    35       0.0000259901        0.0000000260   
172         28    --->    36       0.0004340160        0.0000004348   
173         29    --->    3        0.0302508604        0.0000303054   
174         29    --->    6        0.0000829723        0.0000000831   
175         29    --->    7        2.0078656673        0.0020114828   
176         29    --->    9        1.0762450695        0.0010781839   
177         29    --->    11       0.1703595966        0.0001706665   
178         29    --->    27       0.3767853975        0.0003774642   
179         29    --->    31       0.0222539436        0.0000222940   
180         29    --->    32       0.0263066050        0.0000263540   
181         29    --->    33       1.0518399477        0.0010537348   
182         29    --->    42       0.0037890072        0.0000037958   
183         29    --->    43       0.0084744105        0.0000084897   
184         30    --->    31       0.0866450071        0.0000868013   
185         30    --->    32       0.1095825955        0.0001097802   
186         30    --->    33       0.0098531796        0.0000098709   
187         31    --->    0        0.1894409657        0.0001897825   
188         31    --->    3        0.0487310141        0.0000488189   
189         31    --->    27       0.0000000000        0.0000000000   
190         31    --->    29       0.0001221553        0.0000001224   
191         31    --->    30       0.0958569497        0.0000960298   
192         31    --->    32       0.0224083774        0.0000224488   
193         31    --->    33       0.6926646233        0.0006939133   
194         32    --->    25       0.0000000000        0.0000000000   
195         32    --->    27       0.1240007579        0.0001242244   
196         32    --->    29       0.0302067138        0.0000302612   
197         32    --->    30       0.1011683792        0.0001013508   
198         32    --->    31       0.0270718355        0.0000271207   
199         32    --->    33       0.1424627751        0.0001427197   
200         33    --->    0        0.0298861396        0.0000299401   
201         33    --->    3        0.7883734703        0.0007897965   
202         33    --->    7        0.1382003278        0.0001384498   
203         33    --->    27       0.0069505749        0.0000069631   
204         33    --->    29       1.2382980585        0.0012405331   
205         33    --->    30       0.0090554170        0.0000090718   
206         33    --->    31       0.5568312407        0.0005578363   
207         33    --->    32       0.0880789608        0.0000882379   
208         34    --->    4        0.0000008301        0.0000000008   
209         34    --->    24       0.0000004551        0.0000000005   
210         34    --->    26       0.0000130557        0.0000000131   
211         34    --->    28       0.0000000000        0.0000000000   
212         34    --->    34       0.0000000000        0.0000000000   
213         34    --->    35       0.0010972468        0.0000010992   
214         34    --->    36       0.0000810394        0.0000000812   
215         35    --->    4        0.0000463571        0.0000000464   
216         35    --->    24       0.0000034771        0.0000000035   
217         35    --->    26       0.0000758757        0.0000000760   
218         35    --->    28       0.0000275631        0.0000000276   
219         35    --->    34       0.0008612742        0.0000008628   
220         35    --->    35       0.0000000000        0.0000000000   
221         35    --->    36       0.0041496027        0.0000041571   
222         36    --->    4        0.0093538295        0.0000093707   
223         36    --->    9        0.0034153182        0.0000034215   
224         36    --->    26       0.0000080020        0.0000000080   
225         36    --->    28       0.0006614793        0.0000006627   
226         36    --->    34       0.0001095137        0.0000001097   
227         36    --->    35       0.0035126181        0.0000035190   
228         36    --->    36       0.0000000000        0.0000000000   
229         37    --->    20       0.0000351826        0.0000000352   
230         37    --->    21       0.0000861240        0.0000000863   
231         37    --->    22       0.0000000000        0.0000000000   
232         37    --->    37       0.0000000000        0.0000000000   
233         37    --->    38       0.0019796421        0.0000019832   
234         37    --->    39       0.0003271929        0.0000003278   
235         37    --->    40       0.0001618062        0.0000001621   
236         37    --->    41       0.0000010862        0.0000000011   
237         37    --->    42       0.0000000000        0.0000000000   
238         37    --->    43       0.0000000000        0.0000000000   
239         38    --->    20       0.0000021710        0.0000000022   
240         38    --->    21       0.0005072175        0.0000005081   
241         38    --->    22       0.0004767600        0.0000004776   
242         38    --->    23       0.0003118087        0.0000003124   
243         38    --->    25       0.0000000000        0.0000000000   
244         38    --->    37       0.0008148932        0.0000008164   
245         38    --->    39       0.0031443106        0.0000031500   
246         38    --->    40       0.0021109504        0.0000021148   
247         38    --->    41       0.0000130019        0.0000000130   
248         39    --->    21       0.0000308245        0.0000000309   
249         39    --->    22       0.0002344266        0.0000002348   
250         39    --->    23       0.0035680840        0.0000035745   
251         39    --->    25       0.0000015825        0.0000000016   
252         39    --->    37       0.0006764808        0.0000006777   
253         39    --->    38       0.0021164757        0.0000021203   
254         39    --->    39       0.0000000000        0.0000000000   
255         39    --->    40       0.0031446954        0.0000031504   
256         39    --->    41       0.0002156087        0.0000002160   
257         39    --->    42       0.0000000000        0.0000000000   
258         40    --->    20       0.0000039449        0.0000000040   
259         40    --->    21       0.0000436992        0.0000000438   
260         40    --->    22       0.0001222085        0.0000001224   
261         40    --->    23       0.0049598701        0.0000049688   
262         40    --->    25       0.0029268533        0.0000029321   
263         40    --->    37       0.0003734876        0.0000003742   
264         40    --->    38       0.0025262204        0.0000025308   
265         40    --->    39       0.0051063094        0.0000051155   
266         40    --->    40       0.0000000000        0.0000000000   
267         40    --->    41       0.0044883830        0.0000044965   
268         40    --->    42       0.0000105638        0.0000000106   
269         40    --->    43       0.0000000000        0.0000000000   
270         41    --->    22       0.0000092109        0.0000000092   
271         41    --->    23       0.0009393439        0.0000009410   
272         41    --->    25       0.0078490404        0.0000078632   
273         41    --->    27       0.0016977250        0.0000017008   
274         41    --->    37       0.0000281361        0.0000000282   
275         41    --->    38       0.0003459564        0.0000003466   
276         41    --->    39       0.0010042745        0.0000010061   
277         41    --->    40       0.0113233188        0.0000113437   
278         41    --->    42       0.0019871227        0.0000019907   
279         41    --->    43       0.0000000000        0.0000000000   
280         42    --->    25       0.0010591669        0.0000010611   
281         42    --->    27       0.0066967574        0.0000067088   
282         42    --->    29       0.0005684593        0.0000005695   
283         42    --->    37       0.0000275194        0.0000000276   
284         42    --->    39       0.0000173117        0.0000000173   
285         42    --->    40       0.0014733198        0.0000014760   
286         42    --->    41       0.0132868085        0.0000133108   
287         42    --->    43       0.0010783520        0.0000010803   
288         43    --->    6        0.0014896729        0.0000014924   
289         43    --->    9        0.0002836965        0.0000002842   
290         43    --->    27       0.0016049668        0.0000016079   
291         43    --->    29       0.0089006610        0.0000089167   
292         43    --->    37       0.0000168311        0.0000000169   
293         43    --->    40       0.0000019145        0.0000000019   
294         43    --->    41       0.0002894660        0.0000002900   
295         43    --->    42       0.0152360965        0.0000152636   
